0010100011
0010100011
0010100011
0010100011
0001001000
0000110101
0010011001
0010100011
0010100011
0010100011
0010100011
0010100011
0001001100
0000111001
0010011110
0010100011
0010100011
0010100011
0010100011
0010100011
0010100011
0010100011
0010100011
0010111000
0010100011
0010100011
0010100011
0010100011
0010100011
0010100011
0010100011
0010111100
0010100011
0010100011
0010100011
0010100011
0010100011
0010100011
0010100011
0010100011
0010100011
0010100011
0010100011
0010100011
0010100011
0010100011
0010100011
0000101101
0010100011
0010100011
0011001011
0010100011
0010100011
0010100011
0010100011
0010100011
0010100011
0010100011
0001111011
0010100011
0001000100
0000110001
0010010100
0010100011
0010100011
0010001110
0010100011
0010100011
0010100011
0010100011
0010100011
0010001100
0010010010
0010100011
0010100011
0010100011
0010100011
0010100011
0010100011
0010010000
0010100011
0010100011
0010100011
0010100011
0010100011
0010100011
0010100011
0010100011
0010100011
0010100011
0010100011
0010100011
0010100011
0010100011
0010100011
0010100011
0010100011
0010100011
0010100011
0010100011
0010100011
0010100011
0010100011
0010100011
0010100011
0010100011
0010100011
0010100011
0010100011
0010100011
0010100011
0010100011
0010100011
0010100011
0010100011
0010100011
0010100011
0010100011
0000111101
0010100011
0010001000
0010001010
0010100011
0010100011
0010100011
0010100011
0010100011
0010100011
0000000101
0000001001
0010100011
0010100011
0010100011
0010100011
0010100011
0010100011
0010100011
0010100011
0010100011
0010100011
0010100011
0010100011
0010100011
0010100011
0011010111
0011011011
0010100011
0010100011
0010100011
0010100011
0010100011
0010100011
0010100011
0010100011
0010100011
0010100011
0010100011
0010100011
0010100011
0010100011
0000001101
0000010001
0010100011
0010100011
0010100011
0010100011
0010100011
0010100011
0011011111
0011100011
0010100011
0010100011
0010100011
0010100011
0010100011
0010100011
0010100100
0010101000
0010100011
0010100011
0010100011
0010100011
0010100011
0010100011
0010100011
0010100011
0010100011
0010100011
0010100011
0010100011
0010100011
0010100011
0010100011
0010100011
0001100101
0001011011
0010100011
0010100011
0010100011
0010100011
0010100011
0011000000
0001110000
0010100011
0010100011
0000011011
0010100011
0010100011
0010100011
0010100011
0010100011
0010110010
0010100011
0010100011
0010100011
0010100011
0010100011
0010100011
0010100011
0000111110
0010100011
0010100011
0010100011
0010100011
0010100011
0010100011
0010100011
0010100011
0010100011
0010100011
0000010101
0010100011
0010100011
0010100011
0010100011
0010100011
0010100011
0010100011
0011100111
0010100011
0010100011
0010100011
0010100011
0010100011
0010100011
0010100011
0010101100
0010100011
0010100011
0010100011
0001010000
0010100011
0010100011
0010100011
0010100011
0010100011
